50
-1 null 0 0.0 0.0 0.0
1 1 7 37.0 52.0 0.3297443441389416
2 1 30 49.0 49.0 0.8294710391491791
3 1 16 52.0 64.0 0.47980292406864744
4 1 9 20.0 26.0 0.7534907144793581
5 1 21 40.0 30.0 0.7997432095175411
6 1 15 21.0 47.0 0.9760773814420326
7 1 19 17.0 63.0 0.29305361702318944
8 1 23 31.0 62.0 0.2388160725101811
9 1 11 52.0 33.0 0.2893211394133237
10 1 5 51.0 21.0 0.5913594569535473
11 1 19 42.0 41.0 0.3570665750720644
12 1 29 31.0 32.0 0.8374412749104826
13 1 23 5.0 25.0 0.6541626182774257
14 1 21 12.0 42.0 0.48297597749348686
15 1 10 36.0 16.0 0.4316648280656312
16 1 15 52.0 41.0 0.3734281536544507
17 1 3 27.0 23.0 0.03539898383196505
18 1 41 17.0 33.0 0.19567619714030215
19 1 9 13.0 13.0 0.878710977689451
20 1 28 57.0 58.0 0.9715641966772739
21 1 8 62.0 42.0 0.8575612136581121
22 1 8 42.0 57.0 0.7434592418139713
23 1 16 16.0 57.0 0.5544240878155602
24 1 10 8.0 52.0 0.2692625089450823
25 1 28 7.0 38.0 0.2296482840699744
26 1 7 27.0 68.0 0.6439348037948825
27 1 15 30.0 48.0 0.06808383145231534
28 1 14 43.0 67.0 0.0507956368078758
29 1 6 58.0 48.0 0.8655521237298907
30 1 19 58.0 27.0 0.03836296309743226
31 1 11 37.0 69.0 0.37541436294089603
32 1 12 38.0 46.0 0.8026727466163127
33 1 23 46.0 10.0 0.8519947774216987
34 1 26 61.0 33.0 0.4318271524940708
35 1 17 62.0 63.0 0.027479043123808555
36 1 6 63.0 69.0 0.20557190860018926
37 1 9 32.0 22.0 0.33529746542187777
38 1 15 45.0 35.0 0.12022176209612068
39 1 14 59.0 15.0 0.7797063914868683
40 1 7 5.0 6.0 0.3760900166861556
41 1 27 10.0 17.0 0.4727151435232154
42 1 13 21.0 10.0 0.6842112150693733
43 1 11 5.0 64.0 0.6807067574954239
44 1 16 30.0 15.0 0.7506752886173945
45 1 10 39.0 10.0 0.7997341018845654
46 1 5 32.0 39.0 0.025045142754055227
47 1 25 25.0 32.0 0.20682819350801385
48 1 17 25.0 55.0 0.8644579409638721
49 1 18 48.0 28.0 0.501644653747492
50 1 10 56.0 37.0 0.29308970229285825
